{
 "cells": [
  {
   "cell_type": "code",
   "execution_count": 13,
   "metadata": {},
   "outputs": [],
   "source": [
    "import pandas as pd\n",
    "import json\n",
    "# import functions as f\n",
    "import pickle\n",
    "import matplotlib.pyplot as plt\n",
    "import numpy as np\n",
    "import seaborn as sns\n",
    "from mpl_toolkits.mplot3d import Axes3D"
   ]
  },
  {
   "cell_type": "code",
   "execution_count": 30,
   "metadata": {},
   "outputs": [],
   "source": [
    "file = '/home/xristsos/flatiron/projects/birthday pickles/electronic_dataframeFINAL.pickle'\n",
    "df = pickle.load(open(file,'rb'))"
   ]
  },
  {
   "cell_type": "code",
   "execution_count": 9,
   "metadata": {},
   "outputs": [
    {
     "data": {
      "text/html": [
       "<div>\n",
       "<style scoped>\n",
       "    .dataframe tbody tr th:only-of-type {\n",
       "        vertical-align: middle;\n",
       "    }\n",
       "\n",
       "    .dataframe tbody tr th {\n",
       "        vertical-align: top;\n",
       "    }\n",
       "\n",
       "    .dataframe thead th {\n",
       "        text-align: right;\n",
       "    }\n",
       "</style>\n",
       "<table border=\"1\" class=\"dataframe\">\n",
       "  <thead>\n",
       "    <tr style=\"text-align: right;\">\n",
       "      <th></th>\n",
       "      <th>acousticness</th>\n",
       "      <th>danceability</th>\n",
       "      <th>duration_ms</th>\n",
       "      <th>energy</th>\n",
       "      <th>instrumentalness</th>\n",
       "      <th>key</th>\n",
       "      <th>liveness</th>\n",
       "      <th>loudness</th>\n",
       "      <th>mode</th>\n",
       "      <th>speechiness</th>\n",
       "      <th>tempo</th>\n",
       "      <th>time_signature</th>\n",
       "      <th>valence</th>\n",
       "    </tr>\n",
       "  </thead>\n",
       "  <tbody>\n",
       "    <tr>\n",
       "      <th>0</th>\n",
       "      <td>0.2780</td>\n",
       "      <td>0.694</td>\n",
       "      <td>185195</td>\n",
       "      <td>0.758</td>\n",
       "      <td>0.000001</td>\n",
       "      <td>11</td>\n",
       "      <td>0.1020</td>\n",
       "      <td>-2.986</td>\n",
       "      <td>1</td>\n",
       "      <td>0.2180</td>\n",
       "      <td>192.091</td>\n",
       "      <td>4</td>\n",
       "      <td>0.371</td>\n",
       "    </tr>\n",
       "    <tr>\n",
       "      <th>1</th>\n",
       "      <td>0.1570</td>\n",
       "      <td>0.842</td>\n",
       "      <td>212500</td>\n",
       "      <td>0.801</td>\n",
       "      <td>0.000005</td>\n",
       "      <td>8</td>\n",
       "      <td>0.0642</td>\n",
       "      <td>-4.167</td>\n",
       "      <td>0</td>\n",
       "      <td>0.2280</td>\n",
       "      <td>95.881</td>\n",
       "      <td>4</td>\n",
       "      <td>0.617</td>\n",
       "    </tr>\n",
       "    <tr>\n",
       "      <th>2</th>\n",
       "      <td>0.0771</td>\n",
       "      <td>0.652</td>\n",
       "      <td>205947</td>\n",
       "      <td>0.713</td>\n",
       "      <td>0.000010</td>\n",
       "      <td>8</td>\n",
       "      <td>0.1440</td>\n",
       "      <td>-5.311</td>\n",
       "      <td>1</td>\n",
       "      <td>0.0368</td>\n",
       "      <td>100.023</td>\n",
       "      <td>4</td>\n",
       "      <td>0.152</td>\n",
       "    </tr>\n",
       "    <tr>\n",
       "      <th>3</th>\n",
       "      <td>0.0244</td>\n",
       "      <td>0.819</td>\n",
       "      <td>195429</td>\n",
       "      <td>0.859</td>\n",
       "      <td>0.000000</td>\n",
       "      <td>8</td>\n",
       "      <td>0.0916</td>\n",
       "      <td>-6.264</td>\n",
       "      <td>1</td>\n",
       "      <td>0.2240</td>\n",
       "      <td>104.906</td>\n",
       "      <td>4</td>\n",
       "      <td>0.612</td>\n",
       "    </tr>\n",
       "    <tr>\n",
       "      <th>4</th>\n",
       "      <td>0.0203</td>\n",
       "      <td>0.586</td>\n",
       "      <td>220573</td>\n",
       "      <td>0.701</td>\n",
       "      <td>0.000000</td>\n",
       "      <td>1</td>\n",
       "      <td>0.0550</td>\n",
       "      <td>-5.326</td>\n",
       "      <td>0</td>\n",
       "      <td>0.0416</td>\n",
       "      <td>104.957</td>\n",
       "      <td>4</td>\n",
       "      <td>0.254</td>\n",
       "    </tr>\n",
       "  </tbody>\n",
       "</table>\n",
       "</div>"
      ],
      "text/plain": [
       "   acousticness  danceability  duration_ms  energy  instrumentalness  key  \\\n",
       "0        0.2780         0.694       185195   0.758          0.000001   11   \n",
       "1        0.1570         0.842       212500   0.801          0.000005    8   \n",
       "2        0.0771         0.652       205947   0.713          0.000010    8   \n",
       "3        0.0244         0.819       195429   0.859          0.000000    8   \n",
       "4        0.0203         0.586       220573   0.701          0.000000    1   \n",
       "\n",
       "   liveness  loudness  mode  speechiness    tempo  time_signature  valence  \n",
       "0    0.1020    -2.986     1       0.2180  192.091               4    0.371  \n",
       "1    0.0642    -4.167     0       0.2280   95.881               4    0.617  \n",
       "2    0.1440    -5.311     1       0.0368  100.023               4    0.152  \n",
       "3    0.0916    -6.264     1       0.2240  104.906               4    0.612  \n",
       "4    0.0550    -5.326     0       0.0416  104.957               4    0.254  "
      ]
     },
     "execution_count": 9,
     "metadata": {},
     "output_type": "execute_result"
    }
   ],
   "source": [
    "df.drop(columns=['genre','analysis_url','uri','type','id','track_href'],inplace=True)\n",
    "df.head()"
   ]
  },
  {
   "cell_type": "code",
   "execution_count": 28,
   "metadata": {},
   "outputs": [
    {
     "data": {
      "application/vnd.plotly.v1+json": {
       "config": {
        "plotlyServerURL": "https://plot.ly"
       },
       "data": [
        {
         "type": "heatmap",
         "x": [
          "acousticness",
          "danceability",
          "duration_ms",
          "energy",
          "instrumentalness",
          "key",
          "liveness",
          "loudness",
          "mode",
          "speechiness",
          "tempo",
          "time_signature",
          "valence"
         ],
         "y": [
          "acousticness",
          "danceability",
          "duration_ms",
          "energy",
          "instrumentalness",
          "key",
          "liveness",
          "loudness",
          "mode",
          "speechiness",
          "tempo",
          "time_signature",
          "valence"
         ],
         "z": [
          [
           1,
           -0.3046208800609963,
           -0.07120099804356488,
           -0.5645453012187349,
           0.08470091159780806,
           -0.01694348907813625,
           -0.06646735661043815,
           -0.5071814791969431,
           -0.02131455100160889,
           -0.040004630825697635,
           -0.14938684931512622,
           -0.14287741535544304,
           -0.1325016097338004
          ],
          [
           -0.3046208800609963,
           1,
           0.18934947134775315,
           0.10082184467954339,
           0.07655936076061186,
           0.012801769196976934,
           -0.15451415084306308,
           0.10279621059212801,
           0.0026260720847953068,
           -0.010177838627279421,
           -0.0612857504167507,
           0.16142515762167922,
           0.37284132632143924
          ],
          [
           -0.07120099804356488,
           0.18934947134775315,
           1,
           -0.1181949759233053,
           0.4269643290780632,
           0.05309983784328305,
           -0.13385075703593474,
           -0.29684693107952237,
           -0.024378432452152512,
           -0.17618197351328208,
           -0.06461846895035281,
           0.017253231017723986,
           -0.09780085041026172
          ],
          [
           -0.5645453012187349,
           0.10082184467954339,
           -0.1181949759233053,
           1,
           -0.19331713030223585,
           0.010753273992189963,
           0.189571633596112,
           0.7482777280061886,
           0.03646016029167738,
           0.16907624716471656,
           0.24890606536016766,
           0.09111940514084767,
           0.20078557504574016
          ],
          [
           0.08470091159780806,
           0.07655936076061186,
           0.4269643290780632,
           -0.19331713030223585,
           1,
           0.028928011496091945,
           -0.16189752843430028,
           -0.44486066977753397,
           0.018865461045998577,
           -0.2680539640264683,
           -0.04060399922830353,
           -0.02507628041539054,
           -0.18130603637023848
          ],
          [
           -0.01694348907813625,
           0.012801769196976934,
           0.05309983784328305,
           0.010753273992189963,
           0.028928011496091945,
           1,
           0.008755079772698928,
           -0.006916963251604721,
           -0.2668030138157936,
           -0.011676517898863857,
           -0.0063093907983644585,
           0.028590668356119564,
           0.01188355328366529
          ],
          [
           -0.06646735661043815,
           -0.15451415084306308,
           -0.13385075703593474,
           0.189571633596112,
           -0.16189752843430028,
           0.008755079772698928,
           1,
           0.18295088429008396,
           -0.007190510216279531,
           0.1547709047371847,
           0.06090789826088594,
           -0.017755789261607632,
           -0.013004295879350635
          ],
          [
           -0.5071814791969431,
           0.10279621059212801,
           -0.29684693107952237,
           0.7482777280061886,
           -0.44486066977753397,
           -0.006916963251604721,
           0.18295088429008396,
           1,
           0.014180463680095864,
           0.23084279854368972,
           0.2041394737735177,
           0.09132918716158211,
           0.1953590649664316
          ],
          [
           -0.02131455100160889,
           0.0026260720847953068,
           -0.024378432452152512,
           0.03646016029167738,
           0.018865461045998577,
           -0.2668030138157936,
           -0.007190510216279531,
           0.014180463680095864,
           1,
           0.042982781205581314,
           0.007983085843711095,
           -0.007977508157385953,
           -0.025390526619891093
          ],
          [
           -0.040004630825697635,
           -0.010177838627279421,
           -0.17618197351328208,
           0.16907624716471656,
           -0.2680539640264683,
           -0.011676517898863857,
           0.1547709047371847,
           0.23084279854368972,
           0.042982781205581314,
           1,
           0.1329793545467902,
           -0.014965061979837359,
           0.04886978623392499
          ],
          [
           -0.14938684931512622,
           -0.0612857504167507,
           -0.06461846895035281,
           0.24890606536016766,
           -0.04060399922830353,
           -0.0063093907983644585,
           0.06090789826088594,
           0.2041394737735177,
           0.007983085843711095,
           0.1329793545467902,
           1,
           0.01915139664799768,
           0.05034024779696011
          ],
          [
           -0.14287741535544304,
           0.16142515762167922,
           0.017253231017723986,
           0.09111940514084767,
           -0.02507628041539054,
           0.028590668356119564,
           -0.017755789261607632,
           0.09132918716158211,
           -0.007977508157385953,
           -0.014965061979837359,
           0.01915139664799768,
           1,
           0.08232902223652121
          ],
          [
           -0.1325016097338004,
           0.37284132632143924,
           -0.09780085041026172,
           0.20078557504574016,
           -0.18130603637023848,
           0.01188355328366529,
           -0.013004295879350635,
           0.1953590649664316,
           -0.025390526619891093,
           0.04886978623392499,
           0.05034024779696011,
           0.08232902223652121,
           1
          ]
         ]
        }
       ],
       "layout": {
        "template": {
         "data": {
          "bar": [
           {
            "error_x": {
             "color": "#2a3f5f"
            },
            "error_y": {
             "color": "#2a3f5f"
            },
            "marker": {
             "line": {
              "color": "#E5ECF6",
              "width": 0.5
             }
            },
            "type": "bar"
           }
          ],
          "barpolar": [
           {
            "marker": {
             "line": {
              "color": "#E5ECF6",
              "width": 0.5
             }
            },
            "type": "barpolar"
           }
          ],
          "carpet": [
           {
            "aaxis": {
             "endlinecolor": "#2a3f5f",
             "gridcolor": "white",
             "linecolor": "white",
             "minorgridcolor": "white",
             "startlinecolor": "#2a3f5f"
            },
            "baxis": {
             "endlinecolor": "#2a3f5f",
             "gridcolor": "white",
             "linecolor": "white",
             "minorgridcolor": "white",
             "startlinecolor": "#2a3f5f"
            },
            "type": "carpet"
           }
          ],
          "choropleth": [
           {
            "colorbar": {
             "outlinewidth": 0,
             "ticks": ""
            },
            "type": "choropleth"
           }
          ],
          "contour": [
           {
            "colorbar": {
             "outlinewidth": 0,
             "ticks": ""
            },
            "colorscale": [
             [
              0,
              "#0d0887"
             ],
             [
              0.1111111111111111,
              "#46039f"
             ],
             [
              0.2222222222222222,
              "#7201a8"
             ],
             [
              0.3333333333333333,
              "#9c179e"
             ],
             [
              0.4444444444444444,
              "#bd3786"
             ],
             [
              0.5555555555555556,
              "#d8576b"
             ],
             [
              0.6666666666666666,
              "#ed7953"
             ],
             [
              0.7777777777777778,
              "#fb9f3a"
             ],
             [
              0.8888888888888888,
              "#fdca26"
             ],
             [
              1,
              "#f0f921"
             ]
            ],
            "type": "contour"
           }
          ],
          "contourcarpet": [
           {
            "colorbar": {
             "outlinewidth": 0,
             "ticks": ""
            },
            "type": "contourcarpet"
           }
          ],
          "heatmap": [
           {
            "colorbar": {
             "outlinewidth": 0,
             "ticks": ""
            },
            "colorscale": [
             [
              0,
              "#0d0887"
             ],
             [
              0.1111111111111111,
              "#46039f"
             ],
             [
              0.2222222222222222,
              "#7201a8"
             ],
             [
              0.3333333333333333,
              "#9c179e"
             ],
             [
              0.4444444444444444,
              "#bd3786"
             ],
             [
              0.5555555555555556,
              "#d8576b"
             ],
             [
              0.6666666666666666,
              "#ed7953"
             ],
             [
              0.7777777777777778,
              "#fb9f3a"
             ],
             [
              0.8888888888888888,
              "#fdca26"
             ],
             [
              1,
              "#f0f921"
             ]
            ],
            "type": "heatmap"
           }
          ],
          "heatmapgl": [
           {
            "colorbar": {
             "outlinewidth": 0,
             "ticks": ""
            },
            "colorscale": [
             [
              0,
              "#0d0887"
             ],
             [
              0.1111111111111111,
              "#46039f"
             ],
             [
              0.2222222222222222,
              "#7201a8"
             ],
             [
              0.3333333333333333,
              "#9c179e"
             ],
             [
              0.4444444444444444,
              "#bd3786"
             ],
             [
              0.5555555555555556,
              "#d8576b"
             ],
             [
              0.6666666666666666,
              "#ed7953"
             ],
             [
              0.7777777777777778,
              "#fb9f3a"
             ],
             [
              0.8888888888888888,
              "#fdca26"
             ],
             [
              1,
              "#f0f921"
             ]
            ],
            "type": "heatmapgl"
           }
          ],
          "histogram": [
           {
            "marker": {
             "colorbar": {
              "outlinewidth": 0,
              "ticks": ""
             }
            },
            "type": "histogram"
           }
          ],
          "histogram2d": [
           {
            "colorbar": {
             "outlinewidth": 0,
             "ticks": ""
            },
            "colorscale": [
             [
              0,
              "#0d0887"
             ],
             [
              0.1111111111111111,
              "#46039f"
             ],
             [
              0.2222222222222222,
              "#7201a8"
             ],
             [
              0.3333333333333333,
              "#9c179e"
             ],
             [
              0.4444444444444444,
              "#bd3786"
             ],
             [
              0.5555555555555556,
              "#d8576b"
             ],
             [
              0.6666666666666666,
              "#ed7953"
             ],
             [
              0.7777777777777778,
              "#fb9f3a"
             ],
             [
              0.8888888888888888,
              "#fdca26"
             ],
             [
              1,
              "#f0f921"
             ]
            ],
            "type": "histogram2d"
           }
          ],
          "histogram2dcontour": [
           {
            "colorbar": {
             "outlinewidth": 0,
             "ticks": ""
            },
            "colorscale": [
             [
              0,
              "#0d0887"
             ],
             [
              0.1111111111111111,
              "#46039f"
             ],
             [
              0.2222222222222222,
              "#7201a8"
             ],
             [
              0.3333333333333333,
              "#9c179e"
             ],
             [
              0.4444444444444444,
              "#bd3786"
             ],
             [
              0.5555555555555556,
              "#d8576b"
             ],
             [
              0.6666666666666666,
              "#ed7953"
             ],
             [
              0.7777777777777778,
              "#fb9f3a"
             ],
             [
              0.8888888888888888,
              "#fdca26"
             ],
             [
              1,
              "#f0f921"
             ]
            ],
            "type": "histogram2dcontour"
           }
          ],
          "mesh3d": [
           {
            "colorbar": {
             "outlinewidth": 0,
             "ticks": ""
            },
            "type": "mesh3d"
           }
          ],
          "parcoords": [
           {
            "line": {
             "colorbar": {
              "outlinewidth": 0,
              "ticks": ""
             }
            },
            "type": "parcoords"
           }
          ],
          "scatter": [
           {
            "marker": {
             "colorbar": {
              "outlinewidth": 0,
              "ticks": ""
             }
            },
            "type": "scatter"
           }
          ],
          "scatter3d": [
           {
            "line": {
             "colorbar": {
              "outlinewidth": 0,
              "ticks": ""
             }
            },
            "marker": {
             "colorbar": {
              "outlinewidth": 0,
              "ticks": ""
             }
            },
            "type": "scatter3d"
           }
          ],
          "scattercarpet": [
           {
            "marker": {
             "colorbar": {
              "outlinewidth": 0,
              "ticks": ""
             }
            },
            "type": "scattercarpet"
           }
          ],
          "scattergeo": [
           {
            "marker": {
             "colorbar": {
              "outlinewidth": 0,
              "ticks": ""
             }
            },
            "type": "scattergeo"
           }
          ],
          "scattergl": [
           {
            "marker": {
             "colorbar": {
              "outlinewidth": 0,
              "ticks": ""
             }
            },
            "type": "scattergl"
           }
          ],
          "scattermapbox": [
           {
            "marker": {
             "colorbar": {
              "outlinewidth": 0,
              "ticks": ""
             }
            },
            "type": "scattermapbox"
           }
          ],
          "scatterpolar": [
           {
            "marker": {
             "colorbar": {
              "outlinewidth": 0,
              "ticks": ""
             }
            },
            "type": "scatterpolar"
           }
          ],
          "scatterpolargl": [
           {
            "marker": {
             "colorbar": {
              "outlinewidth": 0,
              "ticks": ""
             }
            },
            "type": "scatterpolargl"
           }
          ],
          "scatterternary": [
           {
            "marker": {
             "colorbar": {
              "outlinewidth": 0,
              "ticks": ""
             }
            },
            "type": "scatterternary"
           }
          ],
          "surface": [
           {
            "colorbar": {
             "outlinewidth": 0,
             "ticks": ""
            },
            "colorscale": [
             [
              0,
              "#0d0887"
             ],
             [
              0.1111111111111111,
              "#46039f"
             ],
             [
              0.2222222222222222,
              "#7201a8"
             ],
             [
              0.3333333333333333,
              "#9c179e"
             ],
             [
              0.4444444444444444,
              "#bd3786"
             ],
             [
              0.5555555555555556,
              "#d8576b"
             ],
             [
              0.6666666666666666,
              "#ed7953"
             ],
             [
              0.7777777777777778,
              "#fb9f3a"
             ],
             [
              0.8888888888888888,
              "#fdca26"
             ],
             [
              1,
              "#f0f921"
             ]
            ],
            "type": "surface"
           }
          ],
          "table": [
           {
            "cells": {
             "fill": {
              "color": "#EBF0F8"
             },
             "line": {
              "color": "white"
             }
            },
            "header": {
             "fill": {
              "color": "#C8D4E3"
             },
             "line": {
              "color": "white"
             }
            },
            "type": "table"
           }
          ]
         },
         "layout": {
          "annotationdefaults": {
           "arrowcolor": "#2a3f5f",
           "arrowhead": 0,
           "arrowwidth": 1
          },
          "colorscale": {
           "diverging": [
            [
             0,
             "#8e0152"
            ],
            [
             0.1,
             "#c51b7d"
            ],
            [
             0.2,
             "#de77ae"
            ],
            [
             0.3,
             "#f1b6da"
            ],
            [
             0.4,
             "#fde0ef"
            ],
            [
             0.5,
             "#f7f7f7"
            ],
            [
             0.6,
             "#e6f5d0"
            ],
            [
             0.7,
             "#b8e186"
            ],
            [
             0.8,
             "#7fbc41"
            ],
            [
             0.9,
             "#4d9221"
            ],
            [
             1,
             "#276419"
            ]
           ],
           "sequential": [
            [
             0,
             "#0d0887"
            ],
            [
             0.1111111111111111,
             "#46039f"
            ],
            [
             0.2222222222222222,
             "#7201a8"
            ],
            [
             0.3333333333333333,
             "#9c179e"
            ],
            [
             0.4444444444444444,
             "#bd3786"
            ],
            [
             0.5555555555555556,
             "#d8576b"
            ],
            [
             0.6666666666666666,
             "#ed7953"
            ],
            [
             0.7777777777777778,
             "#fb9f3a"
            ],
            [
             0.8888888888888888,
             "#fdca26"
            ],
            [
             1,
             "#f0f921"
            ]
           ],
           "sequentialminus": [
            [
             0,
             "#0d0887"
            ],
            [
             0.1111111111111111,
             "#46039f"
            ],
            [
             0.2222222222222222,
             "#7201a8"
            ],
            [
             0.3333333333333333,
             "#9c179e"
            ],
            [
             0.4444444444444444,
             "#bd3786"
            ],
            [
             0.5555555555555556,
             "#d8576b"
            ],
            [
             0.6666666666666666,
             "#ed7953"
            ],
            [
             0.7777777777777778,
             "#fb9f3a"
            ],
            [
             0.8888888888888888,
             "#fdca26"
            ],
            [
             1,
             "#f0f921"
            ]
           ]
          },
          "colorway": [
           "#636efa",
           "#EF553B",
           "#00cc96",
           "#ab63fa",
           "#FFA15A",
           "#19d3f3",
           "#FF6692",
           "#B6E880",
           "#FF97FF",
           "#FECB52"
          ],
          "font": {
           "color": "#2a3f5f"
          },
          "geo": {
           "bgcolor": "white",
           "lakecolor": "white",
           "landcolor": "#E5ECF6",
           "showlakes": true,
           "showland": true,
           "subunitcolor": "white"
          },
          "hoverlabel": {
           "align": "left"
          },
          "hovermode": "closest",
          "mapbox": {
           "style": "light"
          },
          "paper_bgcolor": "white",
          "plot_bgcolor": "#E5ECF6",
          "polar": {
           "angularaxis": {
            "gridcolor": "white",
            "linecolor": "white",
            "ticks": ""
           },
           "bgcolor": "#E5ECF6",
           "radialaxis": {
            "gridcolor": "white",
            "linecolor": "white",
            "ticks": ""
           }
          },
          "scene": {
           "xaxis": {
            "backgroundcolor": "#E5ECF6",
            "gridcolor": "white",
            "gridwidth": 2,
            "linecolor": "white",
            "showbackground": true,
            "ticks": "",
            "zerolinecolor": "white"
           },
           "yaxis": {
            "backgroundcolor": "#E5ECF6",
            "gridcolor": "white",
            "gridwidth": 2,
            "linecolor": "white",
            "showbackground": true,
            "ticks": "",
            "zerolinecolor": "white"
           },
           "zaxis": {
            "backgroundcolor": "#E5ECF6",
            "gridcolor": "white",
            "gridwidth": 2,
            "linecolor": "white",
            "showbackground": true,
            "ticks": "",
            "zerolinecolor": "white"
           }
          },
          "shapedefaults": {
           "line": {
            "color": "#2a3f5f"
           }
          },
          "ternary": {
           "aaxis": {
            "gridcolor": "white",
            "linecolor": "white",
            "ticks": ""
           },
           "baxis": {
            "gridcolor": "white",
            "linecolor": "white",
            "ticks": ""
           },
           "bgcolor": "#E5ECF6",
           "caxis": {
            "gridcolor": "white",
            "linecolor": "white",
            "ticks": ""
           }
          },
          "title": {
           "x": 0.05
          },
          "xaxis": {
           "automargin": true,
           "gridcolor": "white",
           "linecolor": "white",
           "ticks": "",
           "zerolinecolor": "white",
           "zerolinewidth": 2
          },
          "yaxis": {
           "automargin": true,
           "gridcolor": "white",
           "linecolor": "white",
           "ticks": "",
           "zerolinecolor": "white",
           "zerolinewidth": 2
          }
         }
        }
       }
      },
      "text/html": [
       "<div>\n",
       "        \n",
       "        \n",
       "            <div id=\"48c2c736-dcf8-41a1-8681-5729d382a4b1\" class=\"plotly-graph-div\" style=\"height:525px; width:100%;\"></div>\n",
       "            <script type=\"text/javascript\">\n",
       "                require([\"plotly\"], function(Plotly) {\n",
       "                    window.PLOTLYENV=window.PLOTLYENV || {};\n",
       "                    \n",
       "                if (document.getElementById(\"48c2c736-dcf8-41a1-8681-5729d382a4b1\")) {\n",
       "                    Plotly.newPlot(\n",
       "                        '48c2c736-dcf8-41a1-8681-5729d382a4b1',\n",
       "                        [{\"type\": \"heatmap\", \"x\": [\"acousticness\", \"danceability\", \"duration_ms\", \"energy\", \"instrumentalness\", \"key\", \"liveness\", \"loudness\", \"mode\", \"speechiness\", \"tempo\", \"time_signature\", \"valence\"], \"y\": [\"acousticness\", \"danceability\", \"duration_ms\", \"energy\", \"instrumentalness\", \"key\", \"liveness\", \"loudness\", \"mode\", \"speechiness\", \"tempo\", \"time_signature\", \"valence\"], \"z\": [[1.0, -0.3046208800609963, -0.07120099804356488, -0.5645453012187349, 0.08470091159780806, -0.01694348907813625, -0.06646735661043815, -0.5071814791969431, -0.02131455100160889, -0.040004630825697635, -0.14938684931512622, -0.14287741535544304, -0.1325016097338004], [-0.3046208800609963, 1.0, 0.18934947134775315, 0.10082184467954339, 0.07655936076061186, 0.012801769196976934, -0.15451415084306308, 0.10279621059212801, 0.0026260720847953068, -0.010177838627279421, -0.0612857504167507, 0.16142515762167922, 0.37284132632143924], [-0.07120099804356488, 0.18934947134775315, 1.0, -0.1181949759233053, 0.4269643290780632, 0.05309983784328305, -0.13385075703593474, -0.29684693107952237, -0.024378432452152512, -0.17618197351328208, -0.06461846895035281, 0.017253231017723986, -0.09780085041026172], [-0.5645453012187349, 0.10082184467954339, -0.1181949759233053, 1.0, -0.19331713030223585, 0.010753273992189963, 0.189571633596112, 0.7482777280061886, 0.03646016029167738, 0.16907624716471656, 0.24890606536016766, 0.09111940514084767, 0.20078557504574016], [0.08470091159780806, 0.07655936076061186, 0.4269643290780632, -0.19331713030223585, 1.0, 0.028928011496091945, -0.16189752843430028, -0.44486066977753397, 0.018865461045998577, -0.2680539640264683, -0.04060399922830353, -0.02507628041539054, -0.18130603637023848], [-0.01694348907813625, 0.012801769196976934, 0.05309983784328305, 0.010753273992189963, 0.028928011496091945, 1.0, 0.008755079772698928, -0.006916963251604721, -0.2668030138157936, -0.011676517898863857, -0.0063093907983644585, 0.028590668356119564, 0.01188355328366529], [-0.06646735661043815, -0.15451415084306308, -0.13385075703593474, 0.189571633596112, -0.16189752843430028, 0.008755079772698928, 1.0, 0.18295088429008396, -0.007190510216279531, 0.1547709047371847, 0.06090789826088594, -0.017755789261607632, -0.013004295879350635], [-0.5071814791969431, 0.10279621059212801, -0.29684693107952237, 0.7482777280061886, -0.44486066977753397, -0.006916963251604721, 0.18295088429008396, 1.0, 0.014180463680095864, 0.23084279854368972, 0.2041394737735177, 0.09132918716158211, 0.1953590649664316], [-0.02131455100160889, 0.0026260720847953068, -0.024378432452152512, 0.03646016029167738, 0.018865461045998577, -0.2668030138157936, -0.007190510216279531, 0.014180463680095864, 1.0, 0.042982781205581314, 0.007983085843711095, -0.007977508157385953, -0.025390526619891093], [-0.040004630825697635, -0.010177838627279421, -0.17618197351328208, 0.16907624716471656, -0.2680539640264683, -0.011676517898863857, 0.1547709047371847, 0.23084279854368972, 0.042982781205581314, 1.0, 0.1329793545467902, -0.014965061979837359, 0.04886978623392499], [-0.14938684931512622, -0.0612857504167507, -0.06461846895035281, 0.24890606536016766, -0.04060399922830353, -0.0063093907983644585, 0.06090789826088594, 0.2041394737735177, 0.007983085843711095, 0.1329793545467902, 1.0, 0.01915139664799768, 0.05034024779696011], [-0.14287741535544304, 0.16142515762167922, 0.017253231017723986, 0.09111940514084767, -0.02507628041539054, 0.028590668356119564, -0.017755789261607632, 0.09132918716158211, -0.007977508157385953, -0.014965061979837359, 0.01915139664799768, 1.0, 0.08232902223652121], [-0.1325016097338004, 0.37284132632143924, -0.09780085041026172, 0.20078557504574016, -0.18130603637023848, 0.01188355328366529, -0.013004295879350635, 0.1953590649664316, -0.025390526619891093, 0.04886978623392499, 0.05034024779696011, 0.08232902223652121, 1.0]]}],\n",
